1.559560520181095533e-01
8.804185902934373587e-02
2.767969223860563058e-02
-1.741531077157356874e-02
9.143348474613796628e-02
8.924797048075845673e-02
-4.737164423607406055e-02
-9.757696326105816777e-04
-7.405688667375882883e-02
-7.377875701046726631e-03
-1.234165427213678931e-02
3.136508598833601287e-03
2.288247973964976228e-02
8.000947376996569993e-02
1.091198203710976901e-02
-6.786413729899139213e-02
-2.792605571377683796e-02
-2.554850153354681908e-02
2.411783639362658632e-02
-2.743751056466901036e-03
1.018175619364279499e-01
-4.465213290388701795e-02
7.995909437308881818e-02
2.959840852535498140e-02
3.102556992478304118e-02
-3.127702594319026891e-02
1.375461202367065927e-01
1.586719929710343202e-01
-4.773152632494109511e-04
-1.138281858383317913e-01
-1.441861892882748408e-01
6.182317993538730128e-02
-3.529348324811439324e-03
2.115390875084671371e-02
-5.414904837779684066e-02
5.489485054811303610e-03
5.189823368564513290e-02
-6.823283080685356439e-02
8.588088349404596200e-03
1.438103566206819506e-01
-2.316802723966122912e-02
5.079438360674640857e-02
-6.686758990307953288e-02
-8.066503176416695009e-02
3.840680557695865666e-02
-3.841496581852401671e-04
-2.200861020913429805e-02
7.276250454744201401e-02
3.092948759298600955e-02
-2.426154522980132275e-02
6.379826357812233562e-02
1.054198110272762216e-02
-2.124458053192661289e-02
6.145782307158162427e-02
3.269209650399557826e-02
1.052069965213732750e-01
6.743076031035184770e-02
7.878021599481921378e-02
-2.489193322948648687e-02
-1.470435268271920101e-02
-5.475560929454266132e-03
3.031675219934719043e-02
-2.229241725742118346e-02
3.167471593423367565e-02
5.790769439761621513e-03
-6.860554420556295996e-02
-5.964251105772873374e-02
1.109277044113444848e-02
2.435274288832127085e-02
5.245807054574644183e-03
2.451794309252517193e-02
6.981111402619140198e-03
6.594313089746670076e-02
2.519768473495765868e-02
-8.539369200670850202e-02
3.763705114828689441e-02
8.529000791702216061e-03
1.170720747664683592e-01
-4.576405265322288501e-02
9.163177826860199882e-02
-2.529778642562131516e-02
-1.532530410482494700e-02
-6.759920640849213791e-02
3.948540775550798271e-02
-7.962061731866282299e-02
1.045536059641702792e-01
-2.623047458814735736e-02
-7.550713851246119990e-02
1.544477689122262121e-03
-4.559188320096663888e-02
-1.202555939739568397e-01
-8.936029302037984748e-03
2.139442907230018273e-02
-6.423181867283082880e-02
-1.122917008127323896e-01
-4.636121014388194100e-02
-1.129875324656381824e-01
5.501064686698608347e-02
-1.449739315586623042e-02
9.063809267693937258e-03
6.293869061967659849e-03
-2.328744930344671046e-02
-7.757960885687105457e-02
-6.638666998212920667e-02
6.653875858023278189e-02
5.289842548772087129e-03
-1.239658896359570675e-02
2.666269532084257834e-02
6.680952423669087037e-02
-2.755426437916990920e-03
-4.590855797949919964e-02
-6.838236497899082347e-03
7.758025455535692491e-03
1.326642083198418219e-02
1.960357707022722731e-02
-1.641490347883044210e-01
-4.079357283997175204e-02
-7.938306047683341138e-02
2.054838598680991304e-03
-1.784839772159262940e-04
5.010117951010584214e-02
3.956771484103794852e-05
-2.849184911655569183e-02
4.036040261236580051e-02
5.111587237604564397e-03
-3.556745141088365342e-02
1.051856188741326775e-01
-6.277704543745347976e-02
-3.681379103722125234e-02
2.481121966521915995e-02
-7.703929070934482926e-02
7.431973439412701242e-03
-4.360759741625667291e-02
2.169536854140577398e-02
2.163956296704650645e-02
-1.652714450519638875e-02
2.693003451264023781e-02
1.624355134779071827e-02
-9.113355126580062471e-02
-1.227246372467374197e-01
5.313582569903999020e-02
-5.399557018508652217e-02
-6.774080447093427937e-02
8.008234544426662965e-03
-5.887650773399790566e-02
-7.417968753628473473e-03
2.244494480503709047e-02
7.080352598648895213e-02
-3.677401939619735077e-02
4.946124867236244976e-02
8.403415022079230301e-02
2.167001552894013555e-02
-8.028292829821209731e-02
-1.175961419171695221e-01
9.037031607811304990e-02
-1.063972276444396792e-01
-1.397400239364249286e-02
1.104648149495387338e-01
-1.039971149482575921e-02
-8.455204897216046789e-02
-2.127148920824182068e-02
-5.914667786265533772e-02
-6.667675316586842149e-02
1.110171653169245293e-01
1.071185201292270406e-01
3.819346833920704565e-02
4.678580671037464028e-02
4.563039528385132854e-02
-3.748654621877747090e-02
5.424067662462229295e-02
4.100928890165639329e-02
8.508467676836788118e-02
2.867510703478307749e-02
2.319753021460054312e-02
-4.439865754948661009e-02
-1.609320187198353194e-02
-1.033862647721488920e-01
-1.065767475199979643e-02
-1.011468649398118138e-03
4.717217196091725434e-02
3.697476049965490313e-02
5.816677357129749516e-03
6.730764937892329269e-02
5.093638362420610521e-02
4.858946532984948635e-02
-5.335557972519547332e-02
2.911434821545089147e-02
4.150717476109616610e-02
4.034807285411490252e-02
-3.992838799858793725e-02
-1.736248481694838489e-02
-6.665730796467767005e-02
-3.415725130040167534e-02
-7.641235500410491210e-02
-6.846109889824364414e-02
9.994667634189453864e-02
4.294953959064470861e-03
-8.669816584260212067e-02
1.066344194218397413e-02
-1.023201776607374908e-02
3.020752687993507463e-02
3.778148886970440767e-02
5.996095976224794476e-03
-9.842241762794137760e-02
-1.671493704517965084e-02
-4.837095154414543935e-02
6.962787663031838603e-02
8.198267413932713854e-02
3.711457684741541890e-02
-3.853563488140226978e-02
1.143945850462145010e-02
-7.778688306896065774e-02
1.937523605684203856e-02
6.252960608697584466e-02
5.187890126401097091e-02
2.570545268750944277e-03
-1.140560292524839779e-02
5.122181913053743679e-02
7.612670186543785134e-02
3.849257108826292101e-02
-1.090723733320762973e-01
-6.180279877542811315e-03
-5.326577442643679050e-02
4.254770668345429920e-05
-3.087056311058011815e-02
1.671232377415294689e-03
6.382908605632559018e-02
-2.895702931876774702e-02
2.363418028107536206e-02
-6.468363211988423234e-02
1.781139476848488459e-02
-6.038130342647747908e-03
9.640813151703989115e-02
-8.403618164337614549e-02
4.263358391446253615e-02
-1.352006824745824731e-01
4.668426322794812233e-02
-8.633209469167751893e-02
-7.598324021949819616e-03
-4.070106887280043606e-02
-6.851664547416405973e-03
7.524229752397024358e-03
-6.056353716090774608e-02
3.019125880337518095e-02
8.036600435507102250e-03
-1.983765568694560028e-02
-1.618088274607371035e-02
-3.640705461758959177e-02
9.380652760718748585e-04
-4.033990767664271532e-02
-1.931391622447581335e-02
-1.077627493420371327e-02
-6.319376621152826556e-02
-2.329644204944252700e-02
9.523094658041367233e-02
-1.049498163625370295e-01
-1.823152481949497083e-02
2.842039602337279036e-02
1.943557690308712546e-02
-3.142787644337892428e-02
3.060038928047135662e-02
5.530135240522053575e-02
3.131470422438920737e-02
-1.871031303676462879e-02
-1.868095806809731002e-02
-1.040536701646910672e-01
3.070614081809161858e-02
-6.657540420918776382e-03
4.763855245776283526e-02
3.689946088771028920e-02
1.544506664570433063e-01
-4.493665732194895845e-02
-8.957004560207452656e-03
-3.940548196452580559e-02
1.650232858689478638e-02
-1.266489369471055729e-03
-2.490983400884937832e-02
9.968299406955594133e-02
2.750841088860038128e-02
7.499811404865558938e-03
2.559111392858435391e-02
-8.879896037313481094e-02
2.588881576930826198e-02
-2.272598199827997184e-02
-1.063920583627056549e-01
1.466990241393975082e-02
3.810265439509335356e-02
-7.852579720797905893e-03
5.648389320278979914e-02
-1.180571923087622190e-02
1.311083006640395565e-02
8.201629060168341701e-02
-8.214413247510997385e-02
-4.934478500626831438e-02
-4.352905857855549759e-02
-1.406436370194186344e-03
2.947654434462418371e-02
-5.103513056498061584e-02
-8.786019822827641212e-02
-4.561337404441812710e-02
