-1.623483747243881226e-02
5.479380115866661072e-02
4.850626736879348755e-02
9.012725204229354858e-03
8.519352972507476807e-02
8.060941100120544434e-02
4.738701134920120239e-02
2.346256002783775330e-02
6.910482048988342285e-02
-1.025222614407539368e-01
3.853603824973106384e-02
8.094359189271926880e-02
3.280358389019966125e-02
1.873965114355087280e-01
3.577300161123275757e-02
2.013740502297878265e-02
-5.722662806510925293e-02
-4.981350898742675781e-02
-4.699338600039482117e-02
1.837188191711902618e-02
2.269235439598560333e-02
-2.144468389451503754e-02
-2.421398274600505829e-02
-8.877144753932952881e-02
4.712773486971855164e-02
-8.556306362152099609e-03
1.100057363510131836e-02
7.909180968999862671e-02
-1.046095881611108780e-02
-1.031532958149909973e-01
-5.694377422332763672e-02
-1.817630603909492493e-02
5.045357719063758850e-02
7.066039741039276123e-02
-3.300384059548377991e-02
1.223820596933364868e-01
-6.163991987705230713e-02
6.094051524996757507e-03
1.777097396552562714e-02
1.692156493663787842e-02
-4.439515992999076843e-02
4.985092580318450928e-02
-2.316338568925857544e-02
8.684050291776657104e-02
8.957944810390472412e-03
3.447761386632919312e-02
-6.215475127100944519e-02
7.688882201910018921e-02
8.048802614212036133e-03
-8.122748136520385742e-02
5.935362353920936584e-02
6.487328559160232544e-02
-7.708188146352767944e-02
5.103598535060882568e-02
1.234189346432685852e-01
1.134429723024368286e-01
5.338046699762344360e-02
-9.546842426061630249e-02
9.856570512056350708e-02
2.104331180453300476e-02
-1.766245625913143158e-02
7.131213694810867310e-02
-8.582628332078456879e-03
-1.586416363716125488e-02
1.785742677748203278e-02
3.689489886164665222e-02
-4.784302785992622375e-02
2.373988367617130280e-02
-2.666077762842178345e-02
-2.011055359616875648e-03
6.123932823538780212e-02
-7.047830149531364441e-03
9.409293532371520996e-02
9.335242211818695068e-03
2.058213017880916595e-02
1.192145794630050659e-02
2.982789650559425354e-02
-7.788670063018798828e-02
1.358192134648561478e-02
3.834637254476547241e-02
-5.851287394762039185e-03
-1.729168370366096497e-02
-3.141161054372787476e-02
3.031108155846595764e-02
-1.313198953866958618e-01
7.024754583835601807e-02
4.973168671131134033e-02
-7.893139123916625977e-02
-1.843767762184143066e-01
2.293641120195388794e-02
-8.002549409866333008e-02
-1.571355853229761124e-03
2.552651101723313332e-03
-3.068086877465248108e-02
-6.459963321685791016e-02
-3.757559135556221008e-02
-1.267020124942064285e-02
2.518013864755630493e-02
1.492496114224195480e-02
3.930341452360153198e-02
-6.412533670663833618e-02
-4.074086993932723999e-02
-8.572471886873245239e-02
3.318359330296516418e-02
2.087266743183135986e-02
-1.925715245306491852e-02
-9.113553166389465332e-02
-4.920043423771858215e-02
-4.995885863900184631e-02
1.712084747850894928e-02
-1.391336601227521896e-02
-5.340454727411270142e-02
1.501887477934360504e-02
1.748914644122123718e-02
5.590424314141273499e-02
-8.020795881748199463e-02
-9.256479144096374512e-02
4.123163875192403793e-03
-8.654574304819107056e-02
6.378185003995895386e-02
3.538681939244270325e-02
1.180311571806669235e-02
-1.341660507023334503e-02
-1.358690671622753143e-02
3.125850111246109009e-02
-6.029174476861953735e-02
-1.113134399056434631e-01
-5.631031841039657593e-02
3.464547917246818542e-02
4.344364255666732788e-02
2.748063392937183380e-02
1.979133673012256622e-02
6.955182645469903946e-03
1.016529044136404991e-03
-8.827415108680725098e-02
-4.649662971496582031e-02
-1.307057961821556091e-02
-1.491031236946582794e-02
-4.689094796776771545e-02
-3.471412509679794312e-02
-1.673705130815505981e-02
2.159570343792438507e-02
-9.022110700607299805e-02
-7.281239330768585205e-02
-6.300210952758789062e-02
5.546641349792480469e-02
-2.908055856823921204e-02
1.309166382998228073e-02
-4.222818091511726379e-02
5.170937627553939819e-02
4.200920090079307556e-02
8.770705014467239380e-02
2.215652726590633392e-02
-7.648843526840209961e-02
-1.270613819360733032e-02
-8.315905928611755371e-02
-4.027939215302467346e-02
7.069440931081771851e-02
3.153610974550247192e-02
-6.880177557468414307e-02
2.439666539430618286e-02
4.036944732069969177e-02
-1.426724046468734741e-01
5.393184721469879150e-02
4.752972163259983063e-03
2.941071987152099609e-02
-1.354517228901386261e-02
3.051603585481643677e-02
3.152645193040370941e-03
1.773881614208221436e-01
-1.179558485746383667e-01
-5.071182176470756531e-02
-3.730262815952301025e-02
8.697874099016189575e-02
-2.493893727660179138e-02
-4.996195808053016663e-02
7.120718510122969747e-05
4.187409579753875732e-02
6.399766542017459869e-03
1.528022810816764832e-03
-2.125478908419609070e-02
5.513736233115196228e-02
-6.285327672958374023e-02
5.067999288439750671e-02
2.027930319309234619e-02
-5.181002616882324219e-02
7.935080677270889282e-03
-1.421077921986579895e-02
1.280583888292312622e-01
-6.840041279792785645e-02
4.541593790054321289e-02
-1.811916194856166840e-02
2.581991814076900482e-02
1.253913622349500656e-02
-2.130901999771595001e-02
3.400940820574760437e-02
-7.261472940444946289e-02
1.019849553704261780e-01
9.692193567752838135e-02
-7.367527484893798828e-02
2.173330634832382202e-02
-1.311668194830417633e-02
7.271916419267654419e-02
-1.085353195667266846e-01
-1.115686632692813873e-02
-3.549790382385253906e-02
1.816204562783241272e-02
1.057890336960554123e-02
-1.819363795220851898e-02
-5.158661305904388428e-02
-5.598104745149612427e-02
-9.094008803367614746e-02
9.028112143278121948e-02
1.018539965152740479e-01
-6.483411043882369995e-02
-1.194590609520673752e-02
9.780036658048629761e-02
-5.011422559618949890e-03
7.887512445449829102e-02
-5.413344874978065491e-02
-8.220935612916946411e-02
-3.332595527172088623e-02
-3.617080673575401306e-02
-3.751777112483978271e-02
1.686757430434226990e-02
-4.647490382194519043e-02
-6.092187389731407166e-02
-8.918814361095428467e-02
-4.887343570590019226e-02
6.974136084318161011e-02
-7.266233116388320923e-02
-6.260346621274948120e-02
4.184896126389503479e-02
-7.200901210308074951e-02
1.346683781594038010e-02
-1.265809684991836548e-01
-3.173676505684852600e-02
-1.173750013113021851e-01
-2.653963305056095123e-02
1.284703146666288376e-02
3.209664300084114075e-02
8.990691043436527252e-03
-2.840833971276879311e-03
-2.991708181798458099e-02
3.141415491700172424e-02
-4.350372031331062317e-02
-1.867464557290077209e-02
5.915393587201833725e-03
3.128909040242433548e-03
-2.334403432905673981e-02
3.225180134177207947e-02
-3.283899277448654175e-02
-7.971761375665664673e-02
-8.130045980215072632e-02
9.943399578332901001e-02
-9.439514577388763428e-02
-6.200041994452476501e-02
-4.067652300000190735e-02
5.353753268718719482e-02
1.396367442794144154e-03
2.387226186692714691e-02
-1.620016992092132568e-02
-5.829425528645515442e-02
-5.927490070462226868e-02
7.275783270597457886e-02
-2.324243076145648956e-02
-8.191239321604371071e-04
-3.541368618607521057e-02
2.918075583875179291e-02
-9.043440222740173340e-03
1.403118818998336792e-01
-1.019268482923507690e-01
-1.022536903619766235e-01
3.680504392832517624e-03
2.250710874795913696e-02
8.186149597167968750e-02
8.318927139043807983e-02
7.566747814416885376e-02
-3.460588678717613220e-02
-5.443542078137397766e-02
-2.674790099263191223e-02
-3.585081920027732849e-02
3.141500521451234818e-03
-5.486209318041801453e-02
-6.594310700893402100e-02
-3.336641937494277954e-02
2.827152376994490623e-03
-3.918303176760673523e-02
-1.704127527773380280e-02
1.646503619849681854e-02
-2.087805420160293579e-02
1.188701391220092773e-02
-4.513112828135490417e-02
9.012415260076522827e-02
-3.746419399976730347e-02
6.881517823785543442e-03
5.552936345338821411e-02
1.337767764925956726e-02
-6.367460824549198151e-03
-1.430955994874238968e-02
