-7.471377454643532423e-02
2.178069094312452825e-02
3.812719608747477257e-02
1.554295503215988652e-02
5.090865952135392031e-02
4.714404443037092940e-02
6.514998602396050720e-02
2.382844496917702753e-02
9.687397699038233223e-02
-9.975577483585335026e-02
4.316379596884478698e-02
7.976749332770852186e-02
2.422332634022914682e-02
1.573953096778873406e-01
3.168132897241381779e-02
4.558446246854647860e-02
-4.675517771946159640e-02
-4.023357160005496674e-02
-5.603686599731125262e-02
1.940070794407697946e-02
-1.548623964034404055e-02
-4.701446062340845777e-03
-5.419629371008771040e-02
-9.986998105083241817e-02
3.549405776749500058e-02
3.171659358480479959e-03
-4.057517995707546343e-02
1.959447456073244026e-02
-1.028197961727384674e-02
-6.047107072177031195e-02
-2.878189840944893330e-03
-4.135818197383623468e-02
5.177697911014050858e-02
6.272830319088672224e-02
-1.269953850700649214e-02
1.203236640944810032e-01
-8.110023259131612927e-02
3.167935820274787873e-02
1.455069317698376268e-02
-3.700309323843124776e-02
-3.570783045771441788e-02
3.080452443424987197e-02
1.909995764241702310e-03
1.170875196610532687e-01
-5.443478779682070501e-03
3.462165870073807827e-02
-5.390216911820763096e-02
4.960502078333827586e-02
-3.548846436760070416e-03
-7.213011477729662502e-02
3.543114927202264258e-02
6.092035243149589163e-02
-6.911578799031173337e-02
2.799110750456986277e-02
1.111603590411356091e-01
7.399343988799006455e-02
2.809591318894588338e-02
-1.250086904716507241e-01
1.078994486857586116e-01
2.655701200480953955e-02
-1.560928179815438722e-02
5.994424566584088260e-02
-2.236268752281028727e-04
-2.774125141917100495e-02
1.568605838686312065e-02
6.261996211253308131e-02
-2.547883868004717153e-02
1.958042069792109707e-02
-3.579234065862715863e-02
-3.978078868336984257e-03
5.204581998265826737e-02
-9.665541800586232440e-03
6.936619883408234877e-02
-1.131491840784346753e-04
5.260225557154914189e-02
-2.191330350596629867e-03
2.662977181503011978e-02
-1.217852887567682507e-01
3.074209641329303522e-02
3.987148096548820408e-03
3.634639193861312692e-03
-1.154514496541532431e-02
-6.063894397673613018e-03
1.550521384384005892e-02
-1.014645033726035012e-01
3.104301568438569414e-02
5.956734395584850628e-02
-5.061843291168165171e-02
-1.849559099706837295e-01
4.003202778299386200e-02
-3.493317981013225465e-02
1.779392569053894150e-03
-5.469631171155998201e-03
-6.595824086033028055e-03
-2.249354486193277242e-02
-2.019149977594474760e-02
2.969680352982925764e-02
4.552762441849517172e-03
2.036105760100870993e-02
3.590475236873606063e-02
-6.648535267308534891e-02
-3.200876070209154878e-02
-5.663464505717291653e-02
5.807664391690546546e-02
-4.077411937601790881e-03
-2.124068797822088739e-02
-8.648717504962145919e-02
-5.919816155714085343e-02
-7.501046717374096340e-02
1.815405143045473874e-02
3.300994305907942877e-03
-5.084040951425641136e-02
1.210984318639167848e-02
1.251462843443896036e-02
4.855347774898063906e-02
-1.865689393782053035e-02
-7.726840025727828298e-02
3.388947905369504160e-02
-8.731624714568855805e-02
6.384877628704754837e-02
1.660034919143845919e-02
1.178827898761340871e-02
-2.732998823164535171e-03
-2.872087179233522025e-02
2.934180609134443354e-02
-4.695499556251645640e-02
-1.507549563305111417e-01
-3.277077093966442728e-02
4.844956911744148498e-02
3.414016420647816852e-02
5.636810431169442248e-02
1.700456506288030092e-02
2.330675036120899782e-02
-7.118596687199166967e-03
-9.638835136748474808e-02
-4.029943614007333585e-02
-2.316855127937541767e-02
-2.100116684310550375e-02
-1.271854400627384779e-02
1.130400787150545594e-02
-3.666142466346534318e-02
4.184245571376153661e-02
-6.482029574715711395e-02
-7.581524595711655601e-02
-4.092514908674953905e-02
5.824793381949552179e-02
-3.749675337375195372e-02
-1.345757800578930782e-02
-2.843900416692389521e-02
3.316286133569910921e-02
1.049886373056357208e-02
7.958143104806775225e-02
5.226026643674758221e-02
-3.239333735889373539e-02
-4.659235138574099877e-02
-4.326322517289971775e-02
-3.503955185138120376e-02
2.927334947548264343e-02
3.543569598293180856e-02
-3.709724159003127686e-02
3.237284883048680700e-02
6.254771362141706148e-02
-1.176705813625007341e-01
1.230367222122030063e-02
-3.541332543812648198e-02
1.508929147714991974e-02
-3.108847510521019208e-02
1.340597837428933459e-02
1.720899856363477046e-02
1.570495014320840710e-01
-1.333331269431035637e-01
-8.261607552281723110e-02
-4.805495074128773858e-02
7.828034876916470375e-02
-8.290745254500228589e-03
-4.392748024262255885e-02
3.883801869187102074e-02
4.587041067671347727e-02
6.779037565713317247e-03
-1.616015562182205115e-02
-3.511923784784094088e-02
5.295627923276836901e-02
-8.809166755632523438e-02
3.158034568128025021e-02
2.059681391217968449e-03
-3.180325151070355350e-02
-2.981944441087923392e-03
-2.977475015631694116e-02
1.129290470501842641e-01
-5.342844050816762669e-02
5.192635954766623707e-02
6.875369956719907388e-03
3.862788374113524520e-02
4.119152413750844233e-02
4.361880507140081936e-03
-3.467658704576936923e-03
-7.422521094112415063e-02
1.344942201224713085e-01
9.292345827149106618e-02
-6.983856883247149816e-02
1.040637135148473995e-02
-2.728363014674142772e-02
7.047080438396212398e-02
-7.162980488707419713e-02
-4.889256067421374717e-03
-1.736021827106007387e-02
-7.946362243300215261e-03
-2.016219054828208290e-02
-3.211051373806123044e-02
-3.713688226517670998e-02
-6.027050826687167795e-02
-6.177229248288944319e-02
8.301597721105954952e-02
7.840723153049847238e-02
-8.428717406301630688e-02
-1.290978504105034369e-02
1.020771325483702530e-01
-2.421809969070268242e-02
5.032984807418256629e-02
-6.856703188655741132e-02
-4.131042098648398525e-02
-3.100853191185957286e-02
-1.619770642593348908e-02
-3.753372526467332881e-02
2.844312840578121226e-02
-4.710156685791089953e-02
-8.485590568817485968e-02
-7.833010845637460029e-02
-5.773555887180340657e-02
9.399582229888076013e-02
-7.934108085258005649e-02
-6.033934475171580381e-02
5.698744690370259602e-03
-4.049791320907128456e-02
-2.519503455915485246e-03
-7.588468515216481580e-02
-4.924199205077151031e-02
-8.500300248464122410e-02
-2.369048480272095691e-02
2.810873638068899991e-02
3.466581588471210479e-02
6.169325969578256033e-03
1.986871293492534912e-02
-4.123791676411610319e-02
2.840066589188649723e-02
-3.606518231750528714e-02
-1.260728998352304495e-02
1.956696932588718879e-02
2.777162124743839510e-03
-8.217754251645647753e-03
3.949395242810766621e-02
-2.879820631179634549e-02
-5.602180824008914928e-02
-7.256497854939908398e-02
6.372518897199433430e-02
-5.504204836231924025e-02
-5.516413383131608950e-02
-5.133333643662242596e-02
4.624976242110945268e-02
1.318089766858032176e-02
1.239801501330271317e-02
-3.693655216170971950e-02
-7.003634925544216516e-02
-5.225908307809834508e-02
7.976264308178081242e-02
1.577463815724616802e-02
-1.233302450511123208e-02
-3.291730414572137386e-02
1.131769842338260432e-02
-2.287965384442276068e-02
8.239742017872359048e-02
-8.507692216354074966e-02
-9.889507683419221373e-02
1.845640228428737512e-02
1.631922041326742262e-02
8.233639227216812961e-02
9.252972722191840638e-02
3.828928433823545335e-02
-4.492073259497655902e-02
-5.724762969238851584e-02
-3.634381677606930011e-02
-2.553818226606441311e-03
-6.566044704930022388e-03
-4.634051768511200653e-02
-2.604921122447823034e-02
-3.886720173667398970e-02
-1.146022345670616449e-02
-3.623854510345497770e-02
-3.822107557119550081e-02
2.089183402443507698e-02
-2.579423024299226652e-02
-1.886668519132293428e-02
-1.432949223165427138e-02
1.086269970878542823e-01
-2.114207604047150732e-02
7.408890137503868975e-03
4.447652542894281469e-02
3.251435205370102610e-02
2.657753192830413641e-02
2.794115067129735591e-03
