-6.759035783130883102e-03
-7.140220297937296436e-03
3.585269751204121780e-02
1.010166167297532960e-02
-7.021017034191018996e-03
-1.495785887065850459e-02
2.717997603440562571e-02
4.315480704377954585e-02
1.588809794916561449e-02
1.150141206182477699e-02
-1.654467196429606352e-02
-1.418846627266880447e-02
-6.024158190585458816e-02
-2.419056414675085226e-02
-1.495042940461224767e-02
-4.259874956779045180e-03
-2.228572145123893650e-02
-8.283065201730280963e-03
-8.942365220561994746e-03
-1.804890583233221060e-02
-1.662705267638030573e-02
-2.287745463787405065e-02
-1.463668308339406872e-02
-4.657256099544022226e-02
3.791178352501570897e-02
1.025200271966017311e-02
2.727000082282058507e-02
-1.183286924215634466e-02
1.081224512027764879e-02
1.156119748479790890e-02
6.672348086381779154e-03
-4.728191286932200560e-02
-1.383342099677355858e-02
-2.062506790600292586e-02
1.184097978227314531e-02
1.559702189189745777e-02
-8.339342254509674035e-02
-3.344268753756854395e-02
-1.905033478405100331e-02
1.443487669216162589e-02
2.352443493727621529e-02
-8.808809578493054585e-03
-1.353370250356347379e-02
-2.788850103981777451e-03
-3.853141964040399797e-02
-3.021390882446027895e-02
1.660589925430623615e-02
-1.397050953669731060e-02
2.657868372762393558e-02
-2.421938349446971575e-02
-3.455243407361380942e-02
3.876767678007567858e-02
-2.065042223276597304e-03
-8.004339172925296550e-03
1.719645428328283460e-02
-1.653377372357858061e-02
1.708869735290790073e-02
-6.780218745440999908e-03
3.113629745177735539e-02
-1.427464091869970995e-02
4.201256191463990236e-02
-3.311300498057028613e-02
-3.926777541022901524e-02
1.072431952987097370e-01
-2.460206106242289123e-02
1.665562671229453909e-02
-3.688098752176242195e-02
1.077912050317868936e-02
4.455300515891319826e-03
-3.843305317676088545e-02
5.990124689789984996e-03
-1.452333330566416870e-02
-2.578446366129364883e-02
-2.580121078698173302e-03
2.294738664407779388e-03
-2.810647712903116199e-02
1.515830534207124498e-02
-2.080497816133324018e-02
-2.738826354729270718e-01
1.670950390510292718e-02
-2.564611836617068652e-02
-5.652501642947359295e-02
-1.350228662972085547e-01
-9.458965945748964987e-03
-1.736213317083978879e-04
-6.093906445117685177e-04
-2.873480062144137190e-02
-8.133926484794789039e-03
1.323509718225305068e-02
4.527307958994696534e-03
-9.323163170362032404e-03
-2.199566656383062074e-03
2.692886329794753203e-02
8.087256608366580335e-03
-1.515692156865350859e-01
-7.349448139444693384e-02
2.600846029775910964e-02
1.411049502679072656e-02
3.617114981797065615e-02
-7.826578175455140007e-02
1.779832723506742306e-02
-7.904461666350683612e-04
-2.449742953125006849e-03
2.788135775362002755e-04
7.656230134790793090e-03
-1.252946176618259695e-02
-2.592939657381539836e-02
1.906479181806354896e-03
1.119953697628972046e-02
-1.779932262490065142e-02
1.870703405141364156e-02
-2.357552424754682987e-03
-1.657873385641275149e-02
-4.566562988108776450e-02
2.498296033405407804e-02
1.919205321045108076e-02
2.383647223495894557e-03
-3.000515162969348906e-02
6.779098026865676245e-03
-8.305590854885131283e-03
1.953873001821831382e-03
-2.365896044343290469e-02
-1.419644909195601906e-02
1.440648184347773086e-01
2.236124758372281043e-02
1.655381003312613938e-02
5.813147449535767397e-03
3.619693179349522949e-02
-2.559290302686140564e-02
-2.327036610731665102e-03
-3.183447050633464708e-03
-4.575386001211283887e-02
2.541621787228451682e-02
-1.179426201368816325e-02
1.594519062276398202e-03
1.168644599745574490e-02
-5.323508125826330317e-02
-1.379857322595145000e-02
-4.624496136285789760e-02
6.616078453113108382e-02
2.900034690957048467e-02
1.922821873589238353e-02
-1.010119623164600772e-02
-2.068722267614926322e-02
-5.527234045660957273e-02
-2.838709490762133386e-02
2.241626885680050515e-02
-2.474554264820748306e-02
-1.436599803040276499e-02
-5.264957822826917509e-03
4.110921023913271383e-02
-2.618845391833701103e-02
5.211861187643163952e-03
5.257998078670444997e-02
-6.612628792982895229e-03
1.710014282095935825e-02
1.318275223682103744e-02
-4.955828184316311141e-02
4.351604696517976344e-03
1.268080320752771294e-02
-2.620511020012143352e-02
-1.732994351067196001e-02
-2.024477127789575670e-02
1.560424311028564548e-02
1.942414318001108725e-02
-1.457124843364834832e-02
-1.496374229486224956e-02
6.328077017853014907e-02
8.646120334035996974e-03
-2.956077228791294254e-02
9.960758104998351792e-02
-9.460489813486770011e-03
-3.096213581532288039e-02
-6.187003406500318770e-02
4.708812350617184420e-04
1.240426074010597540e-01
1.992448182934952391e-02
-3.878986116803637696e-01
2.033978591736332331e-03
2.975378101483185100e-02
-4.720319038748857802e-04
2.935736842248139536e-02
7.176786356645073472e-02
1.578130046981889578e-01
2.641270853046261483e-02
7.570112454796275661e-03
3.548382711873068751e-02
4.584566204106565838e-03
5.616899477746574443e-02
1.304982468784872049e-02
-1.160797802464844930e-01
-1.892411847431242405e-04
-9.348581581692184950e-02
-9.752099088729815346e-02
-2.602978517118832496e-04
-2.408662044544133615e-02
-4.658673760054193869e-02
-4.261254942023431219e-02
-9.076207196503470812e-03
-2.229183735947313366e-02
-2.755621371359099833e-02
-1.925125156561117643e-02
2.666402560158170551e-02
5.969918067271974722e-03
-5.140689931861099765e-02
-1.225336751104178293e-02
6.214701753964538972e-02
-1.306785014282943469e-01
-3.459356354877082124e-02
-2.387811265115001233e-02
9.825508304464537768e-02
-8.226172948791150158e-03
-7.026844037442721291e-02
-2.457175550635732567e-03
1.512121139849740593e-02
-1.090866776023145385e-01
-3.846908146656672495e-02
-1.106554586310814353e-02
3.448318090577997402e-02
7.699670046209610395e-04
-1.098974869665403017e-02
2.536641093481307660e-02
6.238700012706441603e-03
1.546589714528404276e-02
-2.749612162306107593e-03
3.372543509770315785e-03
-8.827375445804969481e-03
-4.891484537517184344e-02
-4.029771920352437364e-02
-1.889518553753977981e-01
2.305104141881475846e-02
5.508717982605007002e-01
-5.198562003758770006e-02
8.362928289425253237e-03
-1.666813902781984214e-03
5.030880067024916594e-03
-1.182291998643732883e-02
-7.880279780484262739e-03
-1.870119198116373255e-02
2.871426322887473195e-02
3.157378345810005899e-02
-2.874256089415534038e-02
-3.595778537742858917e-03
-1.519057622839302228e-02
-3.361209369385121434e-03
3.641696569077838494e-03
-9.072074705425925423e-02
1.550064926353254650e-02
2.429103359715883634e-02
-5.394619435993674300e-02
2.057062975169226052e-02
5.283077636467228139e-02
3.843595323044748241e-02
-3.079880174438773266e-02
-7.529968396684134056e-03
3.008289671552817277e-02
-2.456907989785687627e-02
9.571383991969481531e-02
-2.024248433134312464e-02
1.354427432694635391e-03
1.308858574367783960e-02
-5.495346435492318334e-03
-5.837827379016439187e-03
1.393849231163662820e-02
-3.001036257531630030e-02
-7.491751652308658964e-03
5.954194254943816905e-02
1.221273254657690398e-02
-2.450657812802574994e-03
-6.224630374788839814e-03
-6.514492160125963903e-04
4.067917750175426700e-02
-1.411830783267595535e-01
1.700070478067057522e-02
-1.923711949530789236e-02
-1.661216741996039692e-02
-6.757396303717729501e-03
3.715288753173608821e-02
-2.485666531039281216e-02
2.189386547781102532e-02
3.893574618454765518e-02
-3.531229594729178717e-02
-7.409123172320962285e-03
6.856379328550858568e-05
-1.220383433969329454e-02
-2.369033412961838933e-02
7.196661621865868726e-03
-2.551480239900920030e-02
1.741428454312934221e-02
2.408532738604084178e-02
1.012710533097109684e-02
7.401849656229990762e-03
4.324083663266478639e-02
-1.150991084444002305e-02
8.890380742546517140e-03
9.554286051120198728e-03
-4.522253205867848153e-02
-7.738047198636924251e-02
1.114800739833807708e-03
-8.733763790205974946e-04
