4.462454226439891564e-02
-1.942698049793098111e-02
1.267278468584366255e-02
-9.072235853332705213e-02
-1.297299057702341329e-01
-4.300694651587603362e-02
-1.539810667856766381e-02
1.494739952551667889e-03
-6.513652687903959126e-02
-3.962807615629064528e-02
-2.568325547025356037e-02
7.179307698222131377e-03
5.631739185744294440e-02
-8.515491779417964230e-03
-4.352255317523088390e-02
6.432625047231306514e-02
-1.179597444208689908e-02
-1.648638088775683172e-02
7.956242691574142226e-03
-5.468052126175094833e-03
3.982987691055681068e-02
-1.629802483696720164e-02
1.468387082916775173e-02
-5.103279469646636313e-02
-1.085915665908311276e-02
-5.507969682994295901e-02
1.907173673713909168e-01
4.463483710288601580e-02
-1.287196502053021552e-01
-2.310577585047280530e-02
-6.176540648781343734e-02
3.006824606623861168e-02
-4.151159488257639973e-02
-6.322927231668130921e-02
4.020587666740966376e-02
-2.355880607080969996e-02
-4.429560937295046186e-04
3.475399812172442690e-03
1.325439602465003884e-02
-2.073927457011856545e-02
-2.131834594050587787e-03
2.367982664337104238e-03
3.422327794640747656e-02
-7.877323629080416976e-04
4.628226187871914421e-02
-3.296751066078856124e-02
-8.994502523420050064e-03
-8.238714761426618738e-02
2.322453604553971485e-02
5.041466905358490957e-03
3.160594812313202023e-02
-1.770215829278093400e-02
1.285667651520341903e-02
4.849947477711479688e-02
-3.228790050096648663e-04
1.331597727632582995e-01
-6.100213474028469418e-03
4.533863074131450760e-02
-1.132293879458206448e-01
8.321136899154348010e-03
3.547407161361475214e-02
2.031479888631937403e-02
-2.139759471215929576e-02
-1.556956834076140758e-02
-2.256673183061598184e-02
-3.400846435722922056e-02
-3.331314109476140456e-02
-4.117910059593311856e-03
6.478739462712679309e-02
7.051147152908216267e-03
-4.857816143124270986e-02
2.719013834799267199e-02
-5.886085738113524396e-02
-8.032590841755669897e-02
-2.285191036875639913e-03
-4.969375660452900190e-02
1.043259189193583266e-03
-1.791552761132386012e-02
4.551979521819227159e-02
6.233826697181591575e-03
-1.069617744643856262e-02
-9.941086554797023966e-02
1.439692502101590568e-02
-3.086295046669367825e-01
3.323489789137818590e-02
-4.643921979679765943e-02
3.766930346039634725e-02
-1.557028316986811683e-02
6.562782724164567538e-02
2.837907766556250350e-02
6.040163196688656116e-02
-3.658717374633227437e-02
2.880284349395572166e-02
-2.129402562006775870e-02
-5.485913851788085799e-02
3.886562408901780841e-02
2.410056599920932033e-02
1.727220532327847398e-03
4.370519940234190992e-02
1.869688639754563120e-01
4.094803923346839597e-02
-9.939275317567053403e-03
-4.412641602006645708e-02
-2.987396423443672289e-03
4.119934450635519274e-02
2.745404102656644890e-02
-4.879845486800709481e-02
-2.609407105161563878e-02
-4.119295755436435530e-02
-1.502806271343574696e-01
5.645765198657293898e-02
-7.953284768951827260e-03
-1.255820958137140314e-02
1.353634317024677430e-02
4.643575799875634957e-03
8.833071454941051476e-03
4.076445922917800932e-03
6.604438370285249660e-02
-4.748983992847741892e-02
-3.432112657418759372e-02
-9.613319853305289653e-02
-4.206948806875791813e-02
-2.715525842748650956e-02
-1.911039078327443352e-01
-2.317846012467690564e-02
1.731329067028111388e-02
-2.020880995319948581e-02
1.176700660957632691e-02
-5.168614619390021758e-02
-8.239512143011482048e-02
7.613853608264437370e-03
-8.391572238717524834e-02
-1.692911396907822996e-02
2.422346201335863133e-02
-2.264708442281136366e-02
-2.275576618000827236e-02
-1.983900788285679340e-01
-3.915059604975280189e-02
1.078009297949144435e-01
2.353687774176690256e-02
-2.337264583361776948e-02
-3.290396288547160764e-02
3.069336833629469907e-02
-4.200909303197705724e-02
8.928932446404284906e-02
-1.609375351996165590e-02
7.302738763190972683e-03
-6.331446501031436080e-02
-2.857204330728888193e-03
-7.960758106842623361e-03
-8.560907029408390545e-02
2.914330567886577305e-03
2.926581964130611432e-02
-5.376161863485185571e-02
-3.592736823387472633e-02
-3.941673947976764500e-03
-1.992382656307299313e-02
1.833271773230740406e-02
3.554618936883651575e-02
-2.889681404932497449e-02
4.416638459732796784e-02
-5.388796920340400282e-02
-2.781378506851314020e-02
-2.437533387737670851e-02
-6.575954735057416845e-02
-2.775379430686910481e-02
-1.324437600127428144e-02
2.933780285069360200e-02
2.401373731894945740e-02
-9.904124624530724272e-03
-1.121116335629824129e-01
1.897329872528311090e-02
-8.326845213666205642e-03
-5.542544931743705744e-02
-4.313249546230932263e-02
4.651015455692408818e-02
-3.645411032834670884e-02
-5.362461074343494172e-02
-2.735627271315419634e-02
2.023406324960246375e-02
6.606971207665990331e-02
4.395619991612013250e-02
6.594148382363668182e-02
4.322482293545110155e-02
2.465575152682754692e-02
8.161952982082651409e-02
-2.678031848567494211e-02
1.170684917540837644e-01
-1.752799076942601897e-01
1.051521671629051993e-03
1.916878788212597606e-02
-1.425661012063740053e-02
-4.048720075448778571e-02
1.006708333467464245e-01
-3.027625341835273130e-03
-3.113308398526582269e-02
1.434403082903983571e-02
4.684337943618425981e-02
-4.303315926900468102e-02
-7.302315037767745376e-02
7.081714007142485279e-02
7.064719486606435561e-02
1.208724974751951564e-01
-2.094683986781438814e-02
-5.185970734730513398e-02
9.421804848374020977e-03
-1.032378769434678656e-01
-1.022313131624597027e-02
-2.009901355767354514e-01
5.472657424691389910e-02
-4.522425410184159611e-02
2.630098391523216436e-02
1.376709529529423215e-01
6.352753046680892357e-02
3.119950431768407292e-02
-1.215813133085409670e-02
7.580262169687393414e-02
-1.897285504002620485e-02
4.552740318982037571e-02
1.061249844390117908e-01
-1.360212366733329348e-02
-6.595918560458024701e-03
-1.130624466965217262e-01
1.653396848333466528e-03
-1.352593430994799596e-02
-2.626161862522245413e-02
8.784342603554887163e-03
-6.691258417123641111e-02
1.028921669832572466e-01
-5.898763122223855959e-02
2.210978208299130623e-02
3.903752773155313993e-03
3.532625286966384337e-02
-4.952774140024419208e-03
-6.384375918285078999e-02
-2.872436364681459076e-02
-5.694906608324645444e-03
8.526628443099218413e-03
2.042189395178673275e-02
8.585273482246721932e-02
6.756329999299677536e-02
-2.464273560676574770e-02
-3.694523575860867576e-02
4.141992318681374935e-02
8.496539457483356927e-02
2.281922423120080756e-02
-5.449995093537685770e-02
-5.278739541958191173e-03
-3.757016620235188904e-04
-7.780051421622975749e-04
-8.893857464878376917e-02
1.263280855971442296e-02
-4.646343998981786183e-02
4.186702335684278076e-02
2.126870921715529744e-02
3.868827636321075375e-02
4.907489173444058023e-02
8.069678906484381575e-02
7.848531510077676882e-03
-1.899009733819060838e-02
-7.933059663866398603e-02
3.407537452342824374e-02
-2.795507603737022381e-02
-2.399339784532546205e-02
-3.640562004155710463e-02
-6.897993644349006276e-03
4.245830218120675431e-02
-3.972978934536085943e-02
7.757490934917802379e-04
4.424288164029605008e-02
-1.022953831241448300e-02
-1.940057564561687570e-02
6.559303727822136942e-02
-4.935977830934787369e-03
-6.659586860080507140e-03
4.361453673483792898e-02
6.649989074983350679e-02
2.465700197912642361e-02
3.175397740353247400e-03
-2.953327869706434336e-02
7.447600454171615647e-02
2.925933056321775028e-02
2.366378782298491842e-02
1.056006142223855741e-02
-4.488924528065293268e-02
9.338490692433070589e-03
3.868975681418508616e-02
-8.144215484038377917e-02
7.449578582034653562e-02
4.504614192437255554e-02
-2.506198921260761187e-02
1.611878022861552850e-02
9.112711791089825319e-02
-4.056421953493884874e-02
6.830799024154171617e-02
2.111226481769542390e-02
-3.016362192039567444e-02
-8.769298595668097163e-02
-4.611016170078552356e-02
1.019765206780440074e-02
