4.376672580838203430e-02
-2.033317461609840393e-02
1.722299493849277496e-02
-8.944031596183776855e-02
-1.306209713220596313e-01
-4.490530863404273987e-02
-1.194858644157648087e-02
6.971690338104963303e-03
-6.312010437250137329e-02
-3.816838562488555908e-02
-2.778300642967224121e-02
5.378592293709516525e-03
4.867189005017280579e-02
-1.158561371266841888e-02
-4.541997238993644714e-02
6.378561258316040039e-02
-1.462434511631727219e-02
-1.753761805593967438e-02
6.821331102401018143e-03
-7.758711464703083038e-03
3.771967068314552307e-02
-1.920149475336074829e-02
1.282627042382955551e-02
-5.694350600242614746e-02
-6.047619506716728210e-03
-5.377857387065887451e-02
1.941783130168914795e-01
4.313308000564575195e-02
-1.273474246263504028e-01
-2.163849771022796631e-02
-6.091859191656112671e-02
2.406750805675983429e-02
-4.326725006103515625e-02
-6.584688276052474976e-02
4.170866310596466064e-02
-2.157932519912719727e-02
-1.102675125002861023e-02
-7.689463673159480095e-04
1.083664130419492722e-02
-1.890728622674942017e-02
8.537461981177330017e-04
1.250021159648895264e-03
3.250566124916076660e-02
-1.141676562838256359e-03
4.139208421111106873e-02
-3.680207952857017517e-02
-6.886980962008237839e-03
-8.416020125150680542e-02
2.659774385392665863e-02
1.967687392607331276e-03
2.722075954079627991e-02
-1.278199627995491028e-02
1.259459368884563446e-02
4.748361185193061829e-02
1.859592273831367493e-03
1.310614049434661865e-01
-3.931418061256408691e-03
4.447812587022781372e-02
-1.092777550220489502e-01
6.509484723210334778e-03
4.080605506896972656e-02
1.611229404807090759e-02
-2.638122625648975372e-02
-1.958902459591627121e-03
-2.568907849490642548e-02
-3.189463168382644653e-02
-3.799385577440261841e-02
-2.749888459220528603e-03
6.535283476114273071e-02
2.173453569412231445e-03
-4.781793057918548584e-02
2.534692361950874329e-02
-6.213326752185821533e-02
-8.065336197614669800e-02
-1.993956509977579117e-03
-5.326086282730102539e-02
2.967060776427388191e-03
-2.055597119033336639e-02
1.076024677604436874e-02
8.354497142136096954e-03
-1.395102962851524353e-02
-1.065846830606460571e-01
-2.739370800554752350e-03
-3.098299801349639893e-01
3.321286290884017944e-02
-4.651656001806259155e-02
3.402245417237281799e-02
-1.660259254276752472e-02
6.730754673480987549e-02
2.895365655422210693e-02
5.921839177608489990e-02
-3.686632961034774780e-02
3.222049400210380554e-02
-2.026763930916786194e-02
-7.409539818763732910e-02
2.953814342617988586e-02
2.740140445530414581e-02
3.518040291965007782e-03
4.829582571983337402e-02
1.770358383655548096e-01
4.320689663290977478e-02
-1.003959402441978455e-02
-4.443732276558876038e-02
-2.952011069282889366e-03
4.217102751135826111e-02
2.586387656629085541e-02
-5.208925902843475342e-02
-2.585211209952831268e-02
-3.977157920598983765e-02
-1.525396108627319336e-01
5.883183702826499939e-02
-8.252491243183612823e-03
-1.466228347271680832e-02
7.740734145045280457e-03
7.814263924956321716e-03
1.126881223171949387e-02
4.378964193165302277e-03
6.223630905151367188e-02
-4.662947729229927063e-02
-3.537522256374359131e-02
-9.588522464036941528e-02
-4.507214203476905823e-02
-2.895698696374893188e-02
-1.728200614452362061e-01
-2.034050412476062775e-02
1.941420137882232666e-02
-1.947103999555110931e-02
1.636090502142906189e-02
-5.493424460291862488e-02
-8.269045501947402954e-02
7.209829520434141159e-03
-8.972252905368804932e-02
-1.370343938469886780e-02
2.272660471498966217e-02
-2.244471758604049683e-02
-2.127259224653244019e-02
-2.051463574171066284e-01
-4.090182855725288391e-02
1.019317954778671265e-01
3.193360939621925354e-02
-1.969209499657154083e-02
-3.046363219618797302e-02
2.941138483583927155e-02
-4.463459178805351257e-02
8.227448910474777222e-02
-1.969647407531738281e-02
1.014767773449420929e-02
-6.645502150058746338e-02
-4.680451005697250366e-03
-8.628955110907554626e-03
-8.039173483848571777e-02
-4.093516035936772823e-04
2.992727793753147125e-02
-4.708848148584365845e-02
-3.676660358905792236e-02
-1.771425944752991199e-03
-1.825075037777423859e-02
1.204307656735181808e-02
3.609846904873847961e-02
-2.728744223713874817e-02
4.084058851003646851e-02
-5.608738213777542114e-02
-3.038313053548336029e-02
-2.239493653178215027e-02
-6.329435110092163086e-02
-2.960309013724327087e-02
-1.514348480850458145e-02
3.736902028322219849e-02
2.511105127632617950e-02
-1.365580130368471146e-02
-9.947003424167633057e-02
1.777262985706329346e-02
-1.225637458264827728e-02
-6.327762454748153687e-02
-4.307273402810096741e-02
6.225290149450302124e-02
-3.392541408538818359e-02
-1.028543859720230103e-01
-2.709813229739665985e-02
2.401023544371128082e-02
6.600980460643768311e-02
4.768206179141998291e-02
7.504983246326446533e-02
6.325350701808929443e-02
2.800789475440979004e-02
8.258028328418731689e-02
-2.227692306041717529e-02
1.176503375172615051e-01
-1.681512743234634399e-01
2.707727486267685890e-03
4.436635412275791168e-03
-1.428062748163938522e-02
-5.235186219215393066e-02
8.829405158758163452e-02
-3.060660790652036667e-03
-3.419001400470733643e-02
8.431520313024520874e-03
4.143524914979934692e-02
-4.418505728244781494e-02
-7.585229724645614624e-02
6.731986999511718750e-02
6.820394098758697510e-02
1.242565363645553589e-01
-2.018917351961135864e-02
-5.838396400213241577e-02
7.866680622100830078e-03
-9.535054862499237061e-02
-2.680806629359722137e-02
-2.053805440664291382e-01
5.169610679149627686e-02
-3.275430575013160706e-02
2.525696717202663422e-02
1.287529021501541138e-01
6.321568042039871216e-02
3.311859816312789917e-02
-2.600276097655296326e-02
7.092035561800003052e-02
-2.037722803652286530e-02
4.990380257368087769e-02
1.062227040529251099e-01
-1.499687694013118744e-02
-3.376565175130963326e-03
-1.122706681489944458e-01
3.616236150264739990e-03
-1.387489866465330124e-02
-2.583359554409980774e-02
7.664024829864501953e-03
-7.312056422233581543e-02
9.777782112360000610e-02
-8.296827226877212524e-02
2.503528259694576263e-02
7.381711155176162720e-02
2.872854843735694885e-02
-3.891401225700974464e-03
-6.405530124902725220e-02
-2.808587439358234406e-02
-7.195401005446910858e-03
7.526510395109653473e-03
1.804845035076141357e-02
8.949697762727737427e-02
7.157045602798461914e-02
-2.829056978225708008e-02
-3.740159049630165100e-02
3.949202597141265869e-02
8.453880995512008667e-02
2.328140661120414734e-02
-6.601368635892868042e-02
-3.311489708721637726e-03
2.707171253859996796e-03
-7.624533958733081818e-03
-8.632787317037582397e-02
1.933777518570423126e-02
-4.158537834882736206e-02
3.795822337269783020e-02
2.031305059790611267e-02
4.250621795654296875e-02
4.595673084259033203e-02
9.284421801567077637e-02
5.279476288706064224e-03
-1.881820149719715118e-02
-7.766947150230407715e-02
3.337793797254562378e-02
-2.869597822427749634e-02
-2.222440764307975769e-02
-4.021435603499412537e-02
-7.848802022635936737e-03
5.001500993967056274e-02
-3.817982226610183716e-02
4.647262394428253174e-04
4.345288872718811035e-02
-1.031221635639667511e-02
-1.423781737685203552e-02
4.767492413520812988e-02
-2.778349909931421280e-03
-9.101047180593013763e-03
4.150621965527534485e-02
6.564228236675262451e-02
2.937222458422183990e-02
2.073822543025016785e-05
-2.675464004278182983e-02
7.941749691963195801e-02
2.477770484983921051e-02
2.272346615791320801e-02
1.056876312941312790e-02
-4.643808305263519287e-02
6.331854965537786484e-03
3.960311412811279297e-02
-8.468034118413925171e-02
7.670590281486511230e-02
4.810290783643722534e-02
-2.377671748399734497e-02
1.705817878246307373e-02
9.661498665809631348e-02
-4.202498868107795715e-02
6.943630427122116089e-02
2.232483774423599243e-02
-3.590299561619758606e-02
-9.751365333795547485e-02
-4.596867784857749939e-02
1.008680835366249084e-02
